 -39.1627   11.9649   14.8432
 -39.6068   7.67108   11.1475
 -44.5939   4.95966   10.2658
 -44.9494   1.01534   5.87914
 -49.4838  -1.43374   3.93521
 -34.8175   14.8836   15.0435
 -34.1225   19.6124   17.8875
 -29.4913   14.9949   12.2416
 -26.9245   11.6848   9.08111
  -29.139   7.55658   7.35798
 -34.6654   5.70122   7.67089
 -35.3687   1.44972   4.03745
  -40.189  -0.67371   2.87069
 -40.4335  -4.62552  -1.65423
 -45.0202  -6.48226  -3.71218
 -49.6632  -4.88888 -0.988201
 -29.4928   22.4265   16.6783
 -26.4817   19.5624   13.2478
 -27.7259   27.4686   17.9866
 -20.7575   13.2046   7.22141
 -21.6547     21.75   11.1876
 -18.5075   18.0409   7.98029
 -17.1618   9.30747   4.33107
 -18.7349   5.20147   3.07443
 -24.4448     4.225   3.86633
 -25.5974  0.403874   1.55746
 -30.6578 -0.919825   1.09938
 -30.7993  -4.97414   -2.4716
 -35.2289  -6.73059  -4.23913
 -34.9688  -10.4303  -8.48647
 -39.5995  -11.8903  -10.9982
 -44.8472  -9.87976  -8.64662
 -23.2263   30.0525   15.4483
 -19.9775   26.8544   11.8233
 -21.5584   35.2698   15.6103
 -11.3983   10.5401   2.73429
 -10.1577   15.2851   3.16321
  -13.902   19.6328   5.81537
  -12.178   25.2685   5.62131
 -15.3585   29.2655   8.70159
 -7.23783   6.20543  0.816219
 -9.14912   1.44502  0.124138
 -14.7101  0.736587  0.440543
 -16.8129  -3.91063  -1.66716
 -25.2085  -7.06667  -4.09675
 -21.9922  -3.88315   -1.6937
 -24.6348  -11.1583  -7.51345
 -29.4435  -12.8708  -10.1906
 -29.0784  -16.5701  -14.1676
  -33.544  -17.6933  -17.2824
 -38.9961  -15.1658   -15.596
 -17.4789   37.4811   12.1222
 -14.3109   34.3741   8.58274
 -15.8255   42.4587   10.9839
 -5.35407   16.7535   1.00332
-0.399652   12.4144 -0.830325
 -1.50484   7.47584 -0.327956
 -8.03994   26.1776   2.69125
 -4.64941   21.4484  0.515127
 -10.8492   38.1491   5.19604
 -11.9801    43.569   6.59102
 -7.34933   36.7573   1.55806
 -6.15252   30.7331  0.991685
  2.60262   2.57654 -0.621145
  0.36093  -2.23035 -0.399515
 -5.46161  -3.24531  -0.89595
 -7.54538  -7.93392   -2.2158
  -13.211  -8.73943  -3.57634
 -14.4825   -13.273  -6.16658
 -19.3046  -14.2704   -8.5015
 -19.3092  -18.7959   -11.995
 -23.5568  -19.7605  -15.0535
 -22.8833  -23.6924   -18.724
 -27.0116  -24.2665  -22.3193
 -32.6903  -21.0796  -21.6183
 -10.3578   48.2783   4.33775
  3.78796   14.6313  -2.92599
 -0.90629   23.7551   -2.3557
  3.31309   21.0293  -4.39281
 -1.88603   29.4874  -2.54426
  8.78371   2.64468 -0.732579
  11.3613   6.05578  -2.02975
  9.22366   11.8308  -3.96517
 -7.14913   49.4322 -0.448596
  -4.4592   45.6903  -3.35681
 -4.46378   40.3397  -2.07355
 0.802112   32.7541  -5.91164
-0.436461   37.9088  -6.22946
  12.0845  -3.02449   1.07778
  9.48817  -6.92158   1.56275
  3.67142  -7.17325  0.148614
  1.40369  -11.9261 -0.504762
 -3.84146  -12.6046  -2.43398
 -5.35377  -17.3543  -4.27888
 -9.93719  -17.9022  -6.73909
 -10.2275  -22.4127  -9.13048
 -14.1993  -22.9555  -12.1371
 -13.8796  -27.6203  -15.3849
 -17.6235  -27.9269  -18.9005
  -16.972  -32.3065  -22.6235
 -20.4722  -31.9091  -26.0318
 -25.7494  -27.7061  -25.8862
  12.5563   14.6298  -6.30154
  11.1154   20.2827  -8.69221
   6.4108   23.7308  -7.32478
  5.47411   29.8155  -9.17679
  18.0006   4.79289  -2.07482
  21.0385 0.0179212  0.798954
   18.371  -3.47346   2.28293
  18.5073   12.4613  -7.03828
   20.948    7.8417  -4.28742
 -1.24735     46.68  -8.04975
  1.46925   41.7264  -9.90955
  4.58802   41.7061  -14.2466
  7.92982   36.9549  -15.8381
  8.39294   31.6353  -12.9564
  21.0801  -8.31612   5.33107
  17.6751  -12.2287   5.77274
  11.8874  -12.1066   3.37413
  9.13073  -16.6989   2.93143
  4.37813  -17.0737  0.525049
  2.35319  -21.9372 -0.943171
 -4.87789  -25.4584  -6.94158
 -2.04817  -22.1466  -3.87532
 -9.26639  -32.1417  -14.3284
 -2.80722  -29.7659  -6.71695
 -4.67449  -32.5443  -9.59021
 -9.19257  -36.6131  -17.3994
  -12.631  -36.9184  -22.0078
  14.1903   22.2986  -11.8135
  13.0016   27.5063  -14.6141
  19.3797   19.2938  -12.6987
  21.4696   14.9813  -9.91291
  27.2536   7.19502  -4.54341
  30.1311   3.57467  -1.23782
  27.3637 0.0421598   1.45751
  30.4026  -3.76961   5.06846
   27.241  -7.89384   7.10847
  27.3447   14.1558  -11.3431
  30.3246   10.5735  -8.30129
  11.2719   37.3372  -20.4735
  16.3435   28.3106  -18.2698
  15.5551   32.5815  -21.5121
  29.7344  -11.6115   10.6507
  27.3189  -16.4249   12.6141
  23.2041  -18.6951   11.3823
  18.9031  -16.9864   8.10074
  11.3333  -22.0401   4.86997
  15.5807   -21.578   7.57493
  9.09419  -27.2957   3.73675
  2.87805  -31.3347  -1.91273
  4.92446  -27.3555  0.359663
 -1.25615  -37.8384  -8.24192
  -2.3393  -41.4073  -11.2346
 -5.65022  -41.0367  -15.8183
  4.91546  -36.7808 -0.724105
  2.90477   -39.952  -3.73274
  21.9421   24.2239  -19.0342
  28.4794   17.4214  -15.3062
  23.0276   20.6615  -15.9923
  35.8121   10.2209  -8.63977
  38.9586   6.81936  -4.35177
  36.6452   3.83383 -0.995215
  39.4023   0.53032   3.02776
  36.1566  -3.06413   6.00124
  38.9849  -6.70715   10.5043
  35.9213  -10.5812    12.739
  32.8126   18.1323  -18.3139
  38.2868     15.69  -16.9129
  39.2329   12.5323  -12.2421
  19.0005   32.2417     -25.3
  24.3782   28.0417  -25.9736
   31.833   21.5593  -22.7934
  25.9448   24.7033  -22.8607
  37.5425  -13.9506   16.3686
  30.6259  -20.0326   16.7777
  34.6605  -18.1681   18.1005
  28.9254  -25.2178   18.6324
  24.5801  -27.5965   16.3086
     17.5  -26.1403   10.1897
  21.7841  -24.3245   12.7738
  15.3785  -31.3671   9.58996
  9.15631  -37.5654   3.80995
  11.1656  -32.4645   5.81815
  3.84103    -45.37  -4.14272
 0.625787  -46.2029  -9.13708
  10.9751  -42.9859   5.82776
  9.40129  -48.2349   3.51302
  6.53431  -49.1192  -1.02225
   44.387    10.868  -10.3822
  44.3334   7.64658  -5.53299
  49.1145   6.08364  -2.85699
  49.6942   3.23505   1.67668
  45.6224  0.656215    4.2766
  46.9477  -2.36947   8.48049
  43.9374  -5.80832   11.4366
  18.3836  -34.9531    13.236
  23.0687  -32.4773   17.0352
  17.4576  -39.0751   13.2401
  14.3279  -42.7895   10.0648