   8.86557   -47.6353    31.2594
   5.18166   -50.3634    27.9754
  0.631989   -50.7664    29.3118
  -7.44315   -52.5881    26.5808
  -3.22618    -52.684    25.6083
   13.5709   -46.5685    29.6394
   14.7837    -48.406    24.4298
   5.94064   -52.0776    22.5851
    10.578   -51.2198    20.8338
   16.8623   -43.1008     32.567
   -2.8706   -54.1174     20.176
   1.35146   -53.9326    18.6602
  -11.7151    -54.379     18.577
  -7.83363   -54.8851    16.4337
   21.5451   -41.1925     30.717
   23.1924   -42.9092    25.6632
   19.6319   -46.6597    22.4124
   20.5483   -47.7148    17.0559
   16.1166   -50.5938     13.536
   11.0744   -52.2435    15.4527
   6.13108   -53.9698    11.6098
   1.40544   -54.6664    13.1909
   24.1838   -37.0197    33.3244
  -8.19572   -55.2276    11.3353
   -3.7464    -55.259    9.38492
   28.5033   -34.3323    31.2959
   30.5674   -35.8819    26.2787
   27.8176   -40.2656    23.3875
   29.1157   -41.3134    17.9501
    25.399   -45.0725    14.7823
   25.9681   -45.4167    9.33114
   21.4701   -48.3717    6.12583
   16.4918   -50.8458    8.30086
   6.23943   -54.0814    6.50061
   11.3661   -52.7144    4.75351
  0.973383   -54.6071    2.77228
  -3.72346    -55.023    4.46094
   30.3201   -29.6068     33.626
   34.0626   -26.1623     31.368
   36.4792   -27.4278    26.3035
   34.7442   -32.3825    23.6622
   36.2589   -33.2633    18.1064
    33.465   -37.7673    15.2171
   30.4001   -42.0043    6.55533
   34.1103   -38.1325    9.45418
   21.4621   -47.9685    0.81247
   25.7052   -44.7378   -1.99509
    30.123   -41.7473   0.659928
   11.3759   -52.1756  -0.110366
   16.3636   -49.9472   -2.16864
   6.10162   -52.8183    -3.5783
   1.25129   -53.8457   -2.02284
   34.8419   -21.1037    33.4207
   37.7863   -17.0523    30.9924
   40.3905   -17.9602     25.966
   39.7617   -23.2546    23.4951
    41.488    -23.922    17.8629
   39.7555    -28.943    15.0944
   40.5299    -29.159     9.2091
   37.7537   -33.7817     6.3386
   37.5409   -33.5318   0.441471
   33.6392   -37.6034   -2.42268
   15.9502   -48.8885   -6.88123
   24.4266   -43.8381   -7.78281
   19.6043   -46.0679   -9.77621
   32.5242   -36.8104   -7.93231
   27.6497   -40.0997   -10.7138
   11.0054   -49.6675   -9.77317
   6.47916   -51.3943   -8.19864
   37.4892   -11.8174    32.8468
   39.4474   -7.40374    30.2729
   42.1329   -7.94735    25.2995
   42.6703   -13.3309    23.0073
   44.5056   -13.7903    17.3134
   43.9557   -19.0582    14.6648
   44.7874   -19.0774    8.63773
   43.1589   -24.0454    5.89203
   42.9182   -23.7982  -0.177881
   40.1288   -28.5702    -2.8351
   38.7843   -27.9968   -8.72831
   35.0703   -32.1222   -11.0868
    11.438   -47.5634   -14.0332
   16.4436    -45.239   -14.5532
   25.9594   -38.5345    -15.704
   20.7485   -39.7536   -18.8649
     16.95   -42.4471   -18.1632
   32.6768   -30.9951   -16.5858
   28.3647   -34.2406   -18.3522
   38.0423    -2.2302    31.8769
   39.0048    2.43493    28.9776
   41.6247    2.17294    24.2463
   43.2892   -3.16799    22.2787
   45.1267   -3.51228    16.6474
   45.7805   -8.77762    14.0492
   46.6038   -8.53534    7.94335
   46.1875   -13.4164    5.19345
    45.901   -13.0807  -0.926722
   44.3035     -18.35   -3.62696
   42.8446    -17.997   -9.66136
   40.1359   -22.7691   -12.1668
   37.4698   -22.0032   -17.9458
   33.7791   -26.0767   -19.9147
    24.864   -32.8772   -22.8411
   20.3084   -36.1115   -23.0396
   16.1693   -35.1019   -26.0891
   29.9009   -25.1079   -24.9038
   25.2456   -28.8664   -25.8834
   36.6139    7.16755    30.2475
   36.6137    11.8085    26.9275
   39.1487    11.9346    22.1169
   41.7465    7.02654    20.7455
   43.5848    6.37449    15.7072
   45.3023    1.09914    13.6063
   46.0051    1.74477    7.68966
   46.6416   -2.51173    4.61274
   46.3095   -1.96274     -1.418
   45.9993   -7.51511   -4.24153
   44.5817   -7.42532   -10.2011
   43.0203   -12.5832   -12.9484
   40.4371   -12.1487   -18.8073
   37.6279   -16.8395   -21.1783
   33.6678   -16.1802   -26.4374
   29.7371   -20.4997   -27.9605
   20.4673   -28.0263   -29.6153
    15.763   -31.3636   -29.3593
   10.3541   -30.8737   -31.5659
   24.7535   -19.8307   -32.0966
   20.0835   -23.8718   -32.6056
   33.5107    15.7544    27.8958
   32.6663    19.9803    24.2169
   34.9722    20.5213    19.0454
    38.249    16.5391    18.0183
   40.3804    15.4725    12.8502
   43.1471    10.0768    11.9957
   44.6614     7.5142    6.71394
   43.7448    10.3406    2.73545
   43.9938    8.70049   -2.63786
   45.1236    3.27037   -4.77596
   43.8774    2.91135   -10.6067
   43.6133   -2.18352   -13.3028
   41.2846    -2.0341   -19.0701
   39.6906   -6.89581   -21.7629
    35.809   -6.48344   -27.1791
   32.7708   -11.1203    -29.217
   27.7822   -10.5212   -33.4839
   23.8081   -15.0109   -34.7057
   14.3334    -23.446   -35.2726
   9.15997    -27.583   -34.1781
   3.18026   -27.0702   -35.2766
  -1.59256   -30.5206   -32.7371
   18.1256   -14.4829   -37.7069
   13.3225   -19.1703   -37.6501
   29.1131    23.1046    24.9733
   28.4358    27.5513    17.2574
    32.526    24.7921    15.2107
   33.0672    25.5491    10.2074
   36.1052    22.8306    7.69931
   41.1707    15.9515    3.89593
   39.4511    18.1963    8.81189
   39.1565    19.0413   0.350581
   36.1018    23.1857    2.47902
   39.2915    18.0854   -4.20805
   41.6047    13.2277   -6.27957
   40.9052    12.5143    -10.881
   41.9125    7.71107   -13.4752
   39.7028    3.09648   -21.6347
   40.1658    7.58182   -18.5849
   36.1899    3.33435   -26.9087
   34.0971   -1.32758   -29.4207
   29.3099  -0.708493   -33.5863
    26.164    -5.2041     -35.51
   20.6337   -4.48918   -38.6313
   16.6243   -9.35079   -39.5804
   7.42104   -18.5226   -39.2476
   2.36056   -22.6305   -37.8693
  -3.46501   -20.9622   -38.5176
  -8.14054   -23.9872   -36.2567
  -7.06988   -29.0527   -33.1062
  -11.3011   -31.3838   -30.0139
  -10.6557   -35.5533   -25.4891
   10.7683   -8.61255   -41.4406
   6.25122   -13.2797   -41.1652
    33.823    8.02137    -28.575
   29.4664    8.88375   -32.2847
   27.0726    4.81891   -34.8112
   21.7508    5.76713   -37.8286
   18.5167    1.05004   -39.7127
    12.539    1.78738   -41.6915
   8.79803    -2.9684   -42.4877
  0.509841    -12.083   -41.8567
  -4.16888   -15.7628   -40.5606
  -9.46505   -12.5878   -40.6939
  -14.1004   -14.6829   -38.7954
  -13.6286   -20.9572    -36.359
  -17.7536   -22.8822   -33.6462
  -16.7259   -28.2937   -30.3826
   -20.637   -29.4425   -27.1457
  -20.0727   -33.4306    -22.869
  -15.4374   -36.3783   -21.6788
  -10.2166   -40.7903   -14.5836
  -15.1626    -38.934   -16.5084
   2.44568   -2.19277   -43.2375
  -7.67849   -6.75179   -42.2283
  -1.32769   -6.72691   -42.8711
    27.059    14.2584   -32.4029
   19.3336     11.265   -37.8636
   22.3115    15.6934   -34.8858
      13.6    12.0645   -39.7991
   10.0864    7.38985   -41.7154
    3.7701    8.07012   -42.5225
  -10.2925    -2.0732   -42.1398
  -6.38347     3.5447   -42.7896
  -16.0776   -1.73531   -40.5455
  -20.0875   -5.75301   -38.5686
  -19.3424   -11.3306   -37.7628
  -24.0799   -14.1538   -34.3715
   -23.256   -19.3729   -32.6076
  -27.4873   -21.3616   -28.4345
  -26.1217   -25.8935   -26.1901
  -28.7933   -28.0083   -21.4357
   -24.911   -32.6267   -19.4189
  -25.1992   -34.9609   -14.7118
  -20.1376   -38.3772   -12.9166
  -9.67575   -42.3218   -9.37457
  -4.38997   -43.1007   -7.24217
  -14.6472    -42.157   -5.83431
  -19.9497   -40.0467   -7.72677
   22.0878    24.6135   -30.2279
   19.7821    20.7291   -33.9254
   14.0811    21.5218   -35.9489
   10.9342    17.2992   -38.8108
   4.60908    17.9279   -39.6936
   1.10181    13.3964   -41.4588
  -5.36382    13.6093   -41.1248
  -8.94038    8.51599   -41.7583
  -15.2249    8.49991   -40.1249
  -18.3772    3.73552   -39.5905
  -23.9534    3.25345   -36.8958
  -25.1275   -2.54514   -36.1967
  -28.9987   -4.81266   -33.3174
   -28.769   -10.7788   -32.2813
  -33.0332   -12.2497   -28.0855
  -32.7348   -17.4238   -25.9866
  -35.7625   -19.5992   -21.0294
   -33.134   -25.6495    -18.767
  -34.1223   -28.4217   -13.2852
  -29.8878   -33.2978   -11.1724
  -24.7211   -38.8066   -3.81447
  -29.6541   -35.3986   -5.62582
  -3.51398   -43.8417   -2.37714
   1.92605   -43.5136 -0.0557848
  -14.2152   -43.0504  -0.510534
  -8.53893   -44.0193    1.23839
  -23.8896   -39.9633    2.16244
  -18.8317   -42.0476    3.68409
    25.909    32.0703   -21.7864
   21.3937    32.4242   -24.3425
   19.3613    29.0027   -28.5048
   14.0223    29.8742   -30.3976
   11.2146    26.1906   -34.1212
   1.79289    22.9245   -37.6137
   5.10088     26.937   -34.9375
  -4.49522    23.2282   -37.3214
  -8.00874    18.4834   -39.0644
  -14.0485    18.3066   -37.6667
  -17.5658    13.3814   -38.1367
  -23.1849    13.0266   -35.5533
  -26.4127    7.56828   -34.8379
  -30.9008    7.17984   -31.5446
  -34.0487    2.74522   -29.1788
  -36.0235   -7.06428   -26.4585
  -33.2968   -2.21691   -29.9376
  -39.3588   -5.91177   -22.9158
  -41.3697   -10.3006   -18.9814
   -39.456    -16.786   -17.9722
  -40.8424   -20.2536   -12.2432
  -37.7651   -26.0927   -10.0837
  -37.8522   -28.5512   -3.98416
  -33.7042   -33.1739   -1.76106
  -32.9339   -34.4886    4.28901
   -27.957   -37.9134    6.37209
   2.52295   -43.5047     5.0414
  -7.83592   -44.1004    5.90715
  -2.36209   -43.9484    7.82481
   7.49258    -42.086    7.87443
  -17.2701   -42.2575    9.82255
  -11.9978   -43.3228    10.4377
  -26.5854   -38.1159    12.3538
   -21.034   -40.3328    14.2693
   32.8638    33.0425   -14.1549
   28.1419    34.9202   -16.7659
   18.1299    36.6072   -21.9561
   25.3875    38.1935   -14.6376
   20.1027    39.4348   -17.1133
   13.1219    37.0968   -23.6845
   11.0498    33.9502   -27.7703
   5.45566    34.8056   -28.3796
    2.3062    31.5505   -31.7705
  -7.11279    27.7851   -34.2057
  -3.64499    31.9907   -31.3943
  -12.9383    27.5478   -32.9526
  -16.3204     22.826   -34.6863
  -21.5548    22.1829     -32.59
  -24.7188    17.1861   -33.1544
  -40.7139   0.788361   -22.1032
   -37.868    4.33374   -25.1624
  -43.8114    2.68947   -17.9915
  -45.8194   -1.39211   -14.4276
  -44.5825   -7.76807   -14.7683
  -45.7829   -11.4064   -9.87449
  -43.7113   -17.6184    -8.6643
   -44.084   -20.2622   -2.54814
  -41.0703   -25.5413  -0.355301
  -40.4984   -26.9603    5.88787
  -36.3768   -31.3959    8.13865
  -30.1563   -35.1019     16.192
  -35.0473   -31.7577    14.0953
  -2.64236   -43.3526    12.5345
  -8.61644   -42.9518    14.6074
   2.09326   -42.1892    15.2316
   7.45419   -41.3722    12.9142
   11.4513   -38.9902    16.1416
  -19.4548   -39.2891    20.1014
  -14.0495   -40.0159    22.1271
  -9.21791   -41.6752    19.2657
  -23.2536   -36.2912    23.7873
  -28.4066   -34.2997    21.8914
   39.2063    30.4907   -7.28578
   35.0406    33.8403   -9.41749
   32.2887    37.4077   -6.55655
   27.3164    39.8939   -9.08786
   16.4159    42.6218   -14.2375
   10.0231    43.0499   -16.5336
    8.6867     40.397   -21.0869
   3.70076    38.8569   -24.0763
   23.8134     42.762   -6.30496
   18.1236    44.2822   -8.92403
  -1.66465    39.5722   -23.3476
  -5.90983     35.921   -27.3015
  -11.5927    35.6075    -26.184
  -15.2255    31.4161   -29.0224
  -20.6986    30.3704   -27.1389
  -23.4905    25.8656   -29.0711
  -44.2744    8.71922   -16.6015
  -46.6676    10.7034   -11.8128
   -48.593    6.95099   -8.18146
  -48.2242   0.933305   -9.37105
  -49.2084   -2.67959   -5.31945
  -47.9891   -8.70167    -5.5138
  -48.4227    -11.138  -0.230533
  -46.5162   -16.6274    1.38265
  -46.1222   -18.0146    7.43277
  -43.0713   -23.1485    9.61707
  -37.9031    -27.848    17.7632
  -41.8481   -23.6265     15.533
  -36.0773   -27.3078    23.3612
  -31.4676   -30.4078    25.3947
  -3.77031   -40.8595      21.87
    1.4617   -41.0466    19.6097
   5.51585   -38.8904    22.6656
   -12.605   -37.7898    27.5007
  -21.3072   -34.3486    29.0497
  -16.0506   -35.2713    30.4616
  -3.10799   -38.9311    26.0928
  -6.91268    -37.545    28.8703
   2.77775   -37.6979    26.6612
  -29.2579   -28.8466    30.5021
  -24.3596   -30.8534     32.067
    40.735    30.5421   -2.38024
   44.0985    26.6357  -0.306248
   38.0585    34.2666   0.920488
   33.7861    37.7439   -1.19944
   25.2938    43.3468  -0.523174
   30.4407    40.7165    2.01167
    14.132    46.4696   -5.61987
    8.3372    47.1086   -7.45669
   6.04012    45.3404   -13.0539
 -0.238438    45.0641   -13.9543
  -3.71117     42.434   -18.6924
   21.6364    45.4058    2.58196
   15.9512    47.1062   0.195476
  -10.1233    41.5982   -17.8291
  -13.7311    38.4564    -21.316
  -19.4507    36.8199   -19.4144
  -22.7107    33.0837    -22.244
  -27.3517    30.8628   -19.6091
  -46.1925    16.2737   -10.1296
  -47.5345    18.0678   -4.93568
  -49.4086    14.1757   -1.13261
  -49.9865    8.76456   -2.61495
  -50.9344    4.37393    1.66964
  -50.0411    -6.4446    3.42196
  -50.5349   -1.07599   0.168813
    -49.91   -7.39958    8.51113
  -47.8198   -13.7298    10.9311
  -46.7484    -14.242     16.544
   -43.804   -19.0583    18.9628
  -42.0665   -18.7204    24.4037
  -38.2879    -22.727    26.6114
  -31.6553   -24.5871    33.3095
  -35.9704   -21.5622    31.5729
   44.8997    26.3958    4.79533
   47.4956    22.2375    7.04478
   42.1982    30.1549    8.28763
   38.8507    33.9613    6.37564
   31.2964    40.3387    7.74573
    35.412    37.0525    9.95737
   27.2951     42.618    11.1103
   22.6631    45.1305    8.63772
   12.1983    48.3705    3.71473
   6.20171    49.1056    2.70378
   4.10018    48.5095   -2.60038
  -1.07526    48.2421   -3.59634
  -3.19945     46.604   -9.28366
  -8.92329    45.6914   -8.75235
    -12.34    43.3105   -12.6131
   18.1857    46.5547    11.9006
   13.3265    48.1124    9.39261
  -18.0342    41.6263   -10.8074
   -21.259     38.387   -14.1803
  -28.8373     32.029   -14.7826
  -26.1705    35.8266    -11.945
  -32.8013    28.7022   -12.3516
  -46.2333    23.1518   -3.05392
  -46.6933    24.5812    2.29666
  -48.4108    20.9902    6.11007
  -49.7886    15.8063    4.58091
  -51.2296    6.17435    7.30732
   -50.647    12.1276    8.64669
  -51.1203    2.73688    11.5341
  -50.5353   -3.26961    11.9494
  -49.4722   -4.52395    17.5804
   -47.708   -9.37486    19.8438
  -45.9556   -9.19807     25.271
  -43.2833   -13.6643    27.4633
  -40.9388   -12.8605    32.3427
  -37.4925   -16.7091     34.195
    49.303    17.6273     14.678
   47.4924    21.8712    12.1494
   42.1915    29.4222     13.923
   44.7019    25.5531    15.6361
   35.4628    36.1133    15.6417
   38.7691    32.3874    17.6597
   31.3581    38.4081    19.1109
   27.3913    41.5728    16.8742
   22.7134    43.1019    20.1004
   18.2153    45.5344    17.6368
   8.31108    48.6572    12.1088
   3.74592    49.2679    8.16239
   -1.4955     48.962    9.70416
  -6.26086    48.4577    5.94536
  -10.5836     46.639     -3.062
  -5.91809    48.2269   0.305404
  -15.6442    45.1449   -1.15144
  -19.6157    42.5465   -5.00556
    12.997    46.1736    20.4281
   7.93275    47.7495    17.3229
  -24.3525    40.0469   -2.92239
  -27.6327    36.6146   -6.43574
  -31.6922    33.1664   -4.33859
  -34.1357    28.9957   -7.62927
  -37.2206     24.892   -5.49049
   -44.687    29.2559    4.42725
  -44.3495    30.1732    9.89893
  -45.8339    26.7499    13.5675
  -47.8153    22.3653    12.0869
  -49.9402    13.7837    14.5071
  -48.5118    18.7307    16.1513
  -49.7943    9.80606    18.5073
  -49.4449   0.402288    20.3794
  -50.3923    4.76863    16.9404
   -47.946    1.02396    25.3222
  -46.2038   -3.79054    28.0425
  -44.0621    -3.1054    32.5777
  -41.5117   -7.64245    34.7292
   48.4654    17.3253    19.6275
   45.7726    20.6876    22.7449
   43.9395    24.4308    21.2772
   40.5776      27.02    25.0402
   38.0708    30.9057    23.2519
    30.795    36.7228    24.6308
   34.0856    33.0478    26.6771
   26.2238    38.2023    27.6992
    22.249    41.3441      25.42
    12.546    44.4658    25.4353
   17.1713    42.0569    28.1091
    2.5758    47.4586    19.4823
   -2.3372    48.0571    15.8501
  -7.47518    46.7545     17.775
  -12.2767      46.17    14.1238
   -16.497    45.2694    4.76022
  -11.8922    46.9659    8.45675
  -21.3474    42.7819    6.74017
   -25.276    40.1278    2.88517
   7.25013    44.2585    27.6904
   2.28285     45.738    24.6799
   -29.425    36.7305    4.82516
  -32.5767    33.1836    1.04228
   -35.818    29.1253    2.85791
  -38.0752    24.8412  -0.679236
  -40.3161    20.3582    1.50451
  -41.9053    33.8631    12.3622
   -41.588    32.9462    18.0876
  -44.1482    28.2736    18.9128
  -44.4889    25.1564    23.0346
  -46.8251    20.0837    21.8492
  -48.1648    11.0063    24.0591
  -47.2775    6.54162     27.419
  -46.6708    16.2281    25.6273
  -45.0729    7.16023    32.1076
  -43.5815    2.31178    34.6554
   47.1065    14.2966    27.2978
   44.9566    18.4742    27.6908
   42.0769    20.0862    31.2549
   39.5475    24.7003    30.2769
   35.9929    26.4262    33.3036
    33.045    30.6959    31.7616
   28.7999    32.1214    34.4557
   25.3157    35.8166    32.5949
   20.5174    36.6551    34.9316
   16.4457    39.6695    32.7659
    11.363    39.6599    34.7608
   6.82762    41.8205    32.3446
  -2.88891    44.4844     26.675
  -7.79273    44.9128    23.3346
  -12.5597    42.6118    25.1454
  -17.2368    41.9588    21.6985
  -21.7421    41.9795    12.5318
  -17.2553    43.6705    16.2642
  -25.9364    38.6444    14.3919
  -29.7534    36.0151    10.4889
   1.76009    40.7723    34.0983
  -2.99579     41.931    31.4449
  -33.0759    32.0574    12.2202
  -36.0816    28.6355    8.27721
  -38.4469    24.3007    9.91549
  -40.5177    20.1257    6.37851
  -41.8643    15.5069    8.79676
  -39.0647    35.3945    20.9451
  -39.3314    30.1406    29.2171
  -42.0253    26.0689    28.2731
  -42.0622    21.6218    32.0237
   -43.598     12.278    33.8137
  -44.2595    17.0085    30.7221
  -7.71764    39.8296    32.9804
  -12.3994    39.9987    30.1194
  -21.4928    38.6532    23.5164
   -25.736    37.0271    19.9237
  -16.5955    36.9299    31.5161
  -20.9704     36.149    28.5205
  -29.1278    33.0458    21.5659
  -32.7074     30.654    17.8044
  -35.1472    26.3243    19.3142
  -37.9632    23.2935    15.3787
  -39.4334    19.0311    16.7339
  -41.3244    15.2615    13.5593
  -24.4951    32.2008    29.8048
   -28.338    30.6407    26.6507
  -34.2016    24.0305    24.4113
  -31.0624     26.052    27.7062
  -36.1843    18.9495    25.0983
  -38.5507    16.8795    21.5452
  -39.9049    12.1638    21.0863