 13.321100 29.728899 12.921004
 7.352330 28.702099 10.104105
 13.874700 29.937595 18.900005
 18.550600 29.421896 22.472006
 2.702800 28.993898 13.106805
 -2.494680 28.162598 10.794004
 8.308580 29.126396 22.391203
 3.211080 29.171896 20.238903
 10.184300 27.434896 28.224104
 16.128500 27.535797 28.130505
 19.402901 25.135294 32.327003
 -12.991600 27.535599 11.427404
 -8.002090 28.515398 14.021305
 -1.721630 28.695196 23.042105
 -7.606770 28.916096 20.056004
 -2.896460 26.946396 29.056904
 1.037940 24.669094 33.195004
 6.901440 24.857695 32.815205
 10.604300 21.161295 37.156002
 16.599600 21.304594 36.778004
 20.176300 17.194094 39.776905
 -18.902500 27.336699 12.160705
 -21.411200 27.946299 16.408304
 -17.829599 28.084295 22.931604
 -12.098500 28.140997 23.948004
 -8.888550 26.645494 29.554604
 -11.533600 24.138195 34.153103
 -1.858190 20.672295 38.123302
 -7.640530 20.461393 38.543705
 1.761080 16.512293 41.202103
 7.641710 16.774294 40.703003
 11.337700 11.851193 42.908703
 17.395901 12.106994 42.404705
 20.913601 6.976573 43.471901
 -20.961800 26.906096 28.097404
 -17.359501 24.322994 33.920105
 -19.791300 21.145695 38.313103
 -10.478800 15.848293 42.248203
 -16.068600 16.166092 42.342606
 -1.263410 10.982092 44.056801
 -6.872880 10.572392 44.584599
 2.315750 5.871913 45.041401
 8.336290 6.382743 44.498901
 18.069799 1.392753 43.907200
 12.029500 1.071713 44.390499
 21.436899 -3.949857 42.699001
 -18.636600 11.691792 44.986198
 -9.833990 4.197123 46.107399
 -15.239800 4.790422 46.466099
 -0.674946 -0.226879 45.378300
 -6.412280 -1.310058 45.768600
 9.136680 -4.440717 43.666901
 3.036540 -5.088927 44.066002
 18.410900 -9.170277 40.768398
 12.694400 -9.376747 41.210602
 21.515200 -13.696006 37.255997
 -17.982901 0.347216 47.073299
 -17.725700 -6.709888 45.695801
 -9.192450 -8.408287 43.875301
 -14.574400 -10.450807 43.460499
 0.371290 -10.384307 42.046101
 -5.426220 -12.033807 41.594795
 3.881290 -14.294706 38.685997
 9.477380 -14.043607 38.221397
 12.608900 -17.658506 33.698895
 18.245600 -17.485506 33.209198
 21.109699 -20.029003 27.969797
 -17.662100 -16.489805 39.443897
 -5.418690 -17.176506 36.931396
 0.400895 -17.936405 35.217396
 -14.834400 -19.602905 34.873497
 -9.234750 -19.638006 33.791496
 3.016500 -20.553806 30.044996
 8.986620 -20.431805 29.157297
 11.771800 -21.735804 23.442997
 17.616301 -21.504805 22.779196
 20.322800 -21.443502 16.896196
 -18.482800 -22.497005 29.378296
 -0.770855 -22.172804 25.523996
 -6.575070 -22.226805 27.013596
 -10.196100 -23.004404 22.368996
 -15.744900 -23.300104 23.337795
 2.085190 -22.399004 19.314896
 7.990600 -22.063904 18.352497
 16.709000 -20.328602 11.757897
 10.858500 -20.702301 12.448596
 19.420300 -17.617203 6.407647
 -19.347300 -23.093204 17.662697
 -1.634010 -21.680601 14.476896
 -7.370510 -22.164803 15.622196
 -11.046800 -20.440203 10.940997
 -16.649599 -20.949202 11.760496
 1.262080 -19.095201 8.678827
 7.086150 -18.550503 7.846967
 15.794300 -14.142800 2.466618
 9.992850 -14.630001 3.079228
 18.555799 -9.247880 -1.118222
 -20.247700 -18.021801 7.212477
 -2.447540 -16.000601 4.722738
 -8.159770 -16.679899 5.562477
 -11.825700 -12.723100 2.336478
 -17.500999 -13.384101 2.999748
 6.268370 -10.391600 0.108767
 0.510854 -11.041500 0.737749
 15.016500 -4.150819 -2.812921
 9.281050 -4.684639 -2.321221
 17.930799 1.860241 -3.666540
 -21.027399 -8.643710 0.651283
 -3.116430 -6.209800 -1.156961
 -8.822650 -6.983590 -0.573874
 -12.365700 -1.861680 -1.315970
 -18.120100 -2.657530 -0.852396
 0.000000 0.000000 -2.300000
 5.698280 0.662436 -2.724670
 14.584400 7.303710 -2.455849
 8.914630 6.789610 -2.090029
 17.752399 12.876000 -0.229703
 -21.480499 2.569850 -0.458890
 -3.443670 5.319490 -1.394949
 -9.145650 4.495230 -1.079729
 -12.475000 9.286410 0.921529
 -18.320200 8.398490 1.070541
 -0.082162 11.198100 0.683070
 5.552170 11.789800 0.444984
 9.035770 16.638300 4.071813
 14.656100 17.066000 3.806213
 18.120800 20.531399 8.530814
 -21.457300 12.684999 4.019452
 -3.288010 15.445899 4.383272
 -8.977810 14.651099 4.342892
 -12.084000 17.670198 8.410183
 -18.040899 16.860598 8.094462
 0.335761 19.280699 9.189753
 5.894820 19.707397 9.076653
 9.634960 21.735098 14.619204
 15.255800 22.025799 14.372603
 -20.980900 19.101599 12.726703
 -2.693600 21.000698 14.832504
 -8.369760 20.454199 14.325703
