0 -18.230900 16.836100 -2.232577
0 -13.788500 21.272499 -2.365486
0 -7.142250 21.185200 -2.425237
0 -2.944280 26.652599 -2.005536
0 -16.371201 11.741200 -2.259078
0 -20.692101 6.940481 -2.139899
0 -27.240999 7.499480 -1.010839
0 -9.803590 11.312200 -2.326828
0 -5.135860 16.375700 -2.358857
0 1.246070 16.204000 -2.323717
0 5.874600 21.661400 -1.807926
0 3.506630 27.088800 -1.424686
0 -18.560900 1.603060 -2.160910
0 -12.290700 1.218580 -2.264020
0 -7.948410 6.200130 -2.297549
0 -29.586700 -2.852540 -0.736968
0 -22.839701 -3.308210 -1.967101
0 -1.748610 5.634740 -2.302019
0 2.788340 10.680700 -2.298998
0 8.769320 9.846020 -2.277108
0 13.422000 15.010400 -1.800918
0 11.843900 20.971201 -1.336437
0 -10.222100 -4.191090 -2.274011
0 -14.306700 -9.027870 -2.260991
0 -20.704599 -8.450780 -2.058051
0 -4.152150 -4.892670 -2.299601
0 0.000000 0.000000 -2.300000
0 -24.661301 -13.263100 -1.896732
0 5.937930 -0.937921 -2.299820
0 10.242300 3.958081 -2.282239
0 16.129400 2.821730 -2.268140
0 20.586300 7.641130 -1.818479
0 19.085100 13.704900 -1.392128
0 -2.183440 -10.632400 -2.325632
0 -6.194080 -15.464300 -2.354273
0 -12.185300 -14.535700 -2.328822
0 -22.152500 -18.336100 -2.169823
0 -16.159901 -19.266500 -2.369643
0 3.741370 -11.589000 -2.326462
0 7.764100 -6.767759 -2.310431
0 13.615700 -7.913050 -2.308421
0 17.730200 -3.166820 -2.293091
0 23.532400 -4.396220 -2.301441
0 28.028999 0.339154 -1.637960
0 26.526501 6.050690 -1.204569
0 -4.200090 -21.294701 -2.326414
0 1.745740 -22.240900 -2.240113
0 5.746710 -17.399700 -2.271973
0 -14.022600 -25.111601 -2.253894
0 -8.290450 -26.197901 -2.170754
0 15.515100 -14.032200 -2.185192
0 11.688200 -18.580500 -2.124313
0 24.817400 -10.704500 -2.156962
0 21.128000 -15.512300 -1.994393
0 4.008920 -28.117399 -1.199795
0 14.106600 -24.790501 -1.003344
1 21.098400 -35.207504 34.089893
1 21.456900 -39.035103 29.328295
1 22.976299 -27.570107 40.629498
1 24.004801 -30.726706 35.381596
1 28.167801 -28.783205 31.674097
1 29.931900 -31.291603 26.962994
1 28.187099 -36.501003 24.320095
1 24.417400 -39.788704 25.341795
1 24.700199 -19.704908 47.258297
1 25.664499 -22.698708 42.116295
1 29.363199 -20.513805 38.216095
1 30.709499 -23.320005 33.314598
1 34.516102 -20.910706 29.359896
1 34.372101 -28.982004 23.536596
1 36.249100 -23.909504 24.646896
1 36.667999 -32.218105 18.671795
1 34.992699 -36.345203 17.504595
1 30.912901 -38.185905 20.019194
1 26.400200 -11.647509 53.650101
1 27.248600 -14.451508 48.645096
1 30.572300 -11.993507 44.478195
1 31.625200 -14.936506 39.517998
1 34.757702 -12.412906 35.131695
1 36.124401 -15.384305 30.336699
1 27.824800 -3.260390 59.461601
1 28.722401 -5.870329 54.673100
1 31.497299 -2.790838 49.874298
1 32.443298 -5.781357 45.208900
1 34.644299 -3.189007 40.330002
1 35.822701 -6.504816 35.754902
1 28.842199 5.111969 64.900597
1 29.516899 2.403620 60.184299
1 31.575001 6.173121 54.605000
1 32.456299 3.778232 49.778198
1 33.659401 6.570873 43.889702
1 34.814602 3.060153 39.795799
1 29.096300 14.984589 69.850800
1 29.857401 12.105590 65.542900
1 30.746099 14.937591 60.987602
1 31.626301 11.929091 55.465904
1 31.274000 16.458292 51.570705
1 31.348600 16.545792 45.901005
1 32.675301 12.539993 42.367302
1 29.036400 21.204489 72.100502
1 28.571301 26.093489 69.899910
1 28.591999 25.881590 64.144707
1 29.876600 21.752890 54.948704
1 29.847700 21.249290 60.407204
1 27.800800 26.741491 52.863503
1 27.158100 26.530891 47.207806
1 29.075701 22.144592 43.625004
1 27.078899 31.792488 73.652107
1 24.908400 36.500690 70.952805
1 24.184500 36.219990 65.138908
1 25.555401 31.744291 56.462006
1 26.205299 31.759190 61.919605
1 21.949800 36.242092 53.996708
1 20.943399 35.257992 48.611107
1 23.711201 30.893393 45.404404
1 22.501400 41.463890 74.060211
1 19.219101 45.224689 71.174507
1 17.656799 44.947189 65.329704
1 18.656700 40.957893 56.918407
1 19.951300 41.307487 62.337509
1 13.684400 44.252892 53.708607
1 12.873900 42.300491 48.448807
1 16.576599 38.318794 46.293709
1 15.957400 49.578690 73.465111
1 12.045100 52.010590 69.732910
1 12.942700 49.336887 64.567406
1 9.289910 50.527790 60.499409
1 9.485820 48.141094 55.462906
1 3.671770 49.728592 51.288509
1 3.341090 47.376892 46.413708
1 8.174160 43.970093 45.331009
1 7.634940 55.905090 71.048111
1 3.914110 54.630489 62.007710
1 3.183040 57.229290 67.206306
1 -0.038573 55.307194 58.434807
1 -0.359055 52.768791 52.888206
1 -6.110740 54.292091 50.665306
1 -8.669810 53.092091 46.167809
1 -6.155720 50.204292 41.908508
1 -0.857858 47.748093 42.272907
1 -2.132800 60.534790 68.406609
1 -6.636870 60.796490 64.294205
1 -5.339180 58.233490 59.560509
1 -8.957800 57.646793 55.030209
1 -14.740400 55.216892 45.423107
1 -17.435801 58.300091 50.241707
1 -14.298300 59.494091 55.158012
1 -17.271400 53.894791 40.278206
1 -14.308800 51.167191 35.547707
1 -9.089110 49.570492 36.575909
1 -12.373900 63.196888 64.941010
1 -16.405399 62.482189 60.398911
1 -23.060600 55.273693 39.832607
1 -23.120001 59.853592 50.414711
1 -26.015499 58.122093 45.236408
1 -22.032200 64.015991 60.802410
1 -25.573000 62.649494 55.942513
1 -25.592300 53.401794 34.623207
1 -22.164400 50.896397 29.360407
1 -16.390301 49.896698 29.816208
1 -31.657600 53.793095 34.902409
1 -34.516899 56.273293 40.309109
1 -31.623699 58.776592 45.508411
1 -31.193001 63.526493 56.287411
1 -34.342400 61.436192 51.128712
1 -25.642000 48.995995 24.523008
1 -32.799198 48.860294 25.889807
1 -35.247601 50.956596 30.523708
1 -23.484100 47.110096 19.914608
1 -41.920700 49.993797 32.081707
1 -43.877102 52.272694 36.562107
1 -40.109501 55.900993 40.784706
1 -39.763100 61.476391 51.226810
1 -42.631199 58.447491 46.009506
1 -37.119499 45.148495 22.577307
1 -34.657501 42.747498 18.107409
1 -28.217300 44.169197 16.081608
1 -43.653599 43.176895 24.957108
1 -46.059799 45.541397 29.280508
1 -25.951599 41.759800 11.491107
1 -52.232498 43.247597 32.050106
1 -50.116501 50.832993 38.326408
1 -54.204498 45.936192 36.098007
1 -51.371899 53.351192 42.185108
1 -47.770000 57.497993 46.029408
1 -38.633999 37.745396 15.995206
1 -44.547298 35.230297 19.091806
1 -47.167000 37.848495 23.222805
1 -36.173100 34.710094 11.944506
1 -30.046400 36.899399 9.101516
1 -55.349400 37.775097 30.715206
1 -52.840500 35.021397 26.585405
1 -28.302900 33.323799 5.509715
1 -23.616501 33.525600 2.592056
1 -38.888302 28.999498 10.816705
1 -43.834900 26.422699 13.782104
1 -47.112701 29.391195 17.990606
1 -52.058998 26.417496 21.440905
1 -55.033600 29.241096 25.692904
1 -35.357899 24.902699 6.626144
1 -30.993601 26.920401 4.298494
1 -26.418100 23.879999 0.867999
1 -22.481100 27.735600 -0.162260
1 -16.207001 26.447901 -2.048966
1 -37.061298 19.202799 5.993403
1 -45.359699 20.440098 12.917203
1 -42.008499 17.301998 9.186933
1 -50.104698 17.539898 16.511103
1 -53.381901 20.516596 20.687704
1 -25.287001 18.187599 -0.627007
1 -29.221500 13.599800 0.305727
1 -34.601002 14.111499 3.098092
1 -42.692799 11.299899 8.261432
1 -38.148201 9.157279 4.508222
1 -46.878502 8.491008 11.435101
1 -50.784000 11.863697 15.892002
1 -31.249001 2.510600 0.062919
1 -37.202702 3.503420 3.015070
1 -47.173698 3.214928 10.984701
1 -44.470100 -1.732031 7.980539
1 -40.580799 -2.170931 4.795780
1 -38.812901 -8.470691 3.242409
1 -33.513401 -8.488760 0.455277
1 -31.170401 -13.378300 -0.516356
2 -17.979500 -29.757000 -1.794995
2 -0.448821 -33.057201 0.133475
2 -6.269510 -32.534100 -0.615908
2 10.241400 -28.930901 -0.232596
2 -10.748400 -37.171398 1.359694
2 -16.304399 -36.037800 0.449007
2 -21.238501 -39.346901 2.993204
2 20.569500 -25.988800 0.378597
2 23.578899 -22.018000 -0.460133
2 1.663930 -37.750401 2.749714
2 7.811310 -38.105499 4.003594
2 12.240200 -34.458500 2.546544
2 -7.893120 -42.422501 4.951453
2 -1.662160 -42.303398 5.443653
2 22.597900 -31.663601 3.644145
2 18.325800 -35.453499 4.807454
2 -21.551100 -43.763500 7.041283
2 -17.346399 -46.476799 8.775932
2 -10.867300 -46.170200 7.848282
2 -27.652100 -44.375599 10.715193
2 2.815410 -45.344898 8.451162
2 8.621340 -42.655998 7.404083
2 13.880900 -43.898899 9.929543
2 18.952400 -40.309399 8.714593
2 2.297710 -49.384205 11.815092
2 -3.428360 -52.101204 13.609391
2 -8.708450 -50.614803 11.912992
2 -28.441999 -47.394302 15.463093
2 -23.898100 -51.543705 16.954493
2 -18.383499 -50.982704 13.482291
2 -13.674600 -53.355103 15.022391
2 -33.173801 -45.206802 19.691692
2 8.033590 -51.285404 14.889292
2 13.582100 -48.326805 13.852292
2 -3.084390 -56.453403 17.978491
2 2.036660 -57.903305 20.283491
2 7.385700 -55.340702 18.823990
2 -13.137700 -57.883503 19.971390
2 -7.846460 -59.478806 21.257690
2 -33.249500 -47.925903 24.232592
2 -24.025900 -55.109104 21.664391
2 -28.867100 -54.001602 25.408390
2 -18.382700 -59.250305 23.477591
2 -38.706799 -40.116604 29.290894
2 -36.240700 -46.101604 28.803392
2 -5.041390 -62.987404 25.544590
2 1.227950 -61.790905 24.621691
2 -18.267900 -62.724804 28.099590
2 -6.535290 -66.022804 29.450588
2 -12.781300 -66.397507 30.850988
2 -36.111198 -50.357204 34.067093
2 -33.054401 -55.703705 34.609592
2 -24.113100 -62.038506 31.445990
2 -28.846001 -57.219402 30.053490
2 -42.009998 -33.137108 35.644596
2 -40.368500 -39.229504 34.342892
2 -40.762699 -43.494507 39.116093
2 -38.851200 -48.960106 39.153694
2 -24.696501 -64.784607 36.002090
2 -13.823400 -69.572205 35.485088
2 -20.005400 -68.971611 37.859589
2 -33.322899 -59.140308 40.041389
2 -29.824699 -63.597706 40.531387
2 -36.881901 -57.753708 45.381893
2 -39.421398 -52.723007 44.916294
2 -44.995201 -22.224808 41.146996
2 -45.073002 -27.447807 42.890095
2 -43.466000 -32.331608 40.412697
2 -44.287800 -36.599209 44.696991
2 -43.139900 -41.985607 44.491592
2 -42.281200 -50.945606 50.237194
2 -44.136002 -45.543007 49.929993
2 -21.553400 -71.252304 42.175388
2 -30.487101 -66.714706 46.132088
2 -27.070499 -70.274910 46.339287
2 -37.384998 -61.083908 51.301090
2 -34.523201 -65.544304 51.701187
2 -43.032101 -54.150608 55.953594
2 -40.662601 -59.241009 56.520988
2 -45.945599 -12.088007 43.079395
2 -46.681801 -17.803808 44.977997
2 -48.770000 -19.222307 50.464195
2 -46.981300 -28.764208 48.265198
2 -49.028999 -24.946407 52.137695
2 -46.488201 -34.313210 49.258095
2 -48.012699 -37.131508 54.294891
2 -46.683800 -43.103306 54.892994
2 -47.836102 -45.920513 60.091293
2 -46.007599 -51.642612 60.787193
2 -44.157600 0.606174 41.879002
2 -46.047901 -2.442008 46.215900
2 -47.099400 -7.940187 46.795700
2 -49.215199 -9.358028 52.820000
2 -50.163101 -14.786809 54.629395
2 -51.929199 -17.196510 60.179996
2 -50.796902 -27.348610 57.560696
2 -52.318699 -24.029409 61.484398
2 -50.269798 -33.900211 58.687195
2 -51.576199 -36.492310 63.706894
2 -50.489101 -42.627811 64.570793
2 -40.245998 10.614393 38.720600
2 -42.758400 6.675873 42.655399
2 -42.929501 8.753222 47.925400
2 -47.083698 0.257114 52.091599
2 -45.160599 5.723131 52.812199
2 -49.064098 -4.033469 56.074100
2 -50.208801 -3.578760 61.377201
2 -52.907001 -14.300410 64.394501
2 -52.196098 -8.336090 65.004303
2 -54.590801 -16.920811 69.743797
2 -55.181499 -22.604912 71.007500
2 -53.847401 -26.618511 66.884094
2 -53.632500 -32.701111 68.004890
2 -33.084301 21.163595 36.071003
2 -38.131802 15.456293 42.055202
2 -34.728500 19.446592 41.019005
2 -39.858299 13.979793 47.984203
2 -38.261799 16.223991 52.919106
2 -40.279400 14.148890 58.015102
2 -44.337799 8.606840 58.331402
2 -49.155998 1.850369 64.431900
2 -46.033699 7.010020 62.803101
2 -50.201698 2.045228 70.454002
2 -52.516499 -2.203952 73.517502
2 -55.033501 -12.468312 73.411400
2 -53.476799 -7.460981 70.798798
2 -25.888800 28.229895 31.399704
2 -28.124100 25.885195 36.053303
2 -25.001200 27.115492 41.086002
2 -31.749001 22.169992 46.938404
2 -26.760799 25.359493 46.213802
2 -33.437302 20.567692 52.348705
2 -30.503300 21.924690 57.565002
2 -37.910400 16.336290 63.238205
2 -32.739498 19.961491 62.842205
2 -40.203300 14.199589 68.241501
2 -44.522400 10.138788 68.217598
2 -47.267700 7.252658 72.621902
2 -18.102301 34.142796 25.804506
2 -20.304800 31.765095 30.646406
2 -16.893700 31.947195 35.243004
2 -19.027201 29.887894 40.369904
2 -22.844500 26.108192 51.396202
2 -24.798700 24.452591 56.716206
2 -15.241700 29.713892 44.988605
2 -17.195499 27.859892 50.256203
2 -10.003400 39.167896 19.795406
2 -12.091000 36.729397 24.597406
2 -8.473240 35.952396 28.749907
2 -10.727200 33.788795 34.022404
2 -7.109580 32.768894 38.254105
2 -9.226590 30.928093 43.610203
2 -1.914660 43.728897 13.495707
2 -3.738320 41.107098 18.161108
2 -0.014428 39.619698 21.874105
2 -2.418010 37.129097 27.247505
2 0.952181 35.507698 31.366205
2 -1.348200 33.449192 36.751404
2 4.748300 45.224899 11.510407
2 8.620590 43.216297 14.832606
2 5.884020 40.371197 20.393705
2 8.928470 38.047997 24.790806
2 6.519710 35.817596 30.126307
2 14.308300 43.202896 14.041206
2 16.652000 40.212196 18.870905
2 14.133900 37.929897 24.012405
3 6.935260 32.382198 0.611614
3 13.643100 31.597601 2.366485
3 16.587099 26.042900 0.995983
3 16.421000 35.183800 5.481366
3 23.929600 18.406601 0.855758
3 22.464001 24.225700 2.536914
3 27.263700 27.598099 6.497674
3 26.867399 32.823700 9.605486
3 22.433701 35.380501 8.841785
3 29.374701 16.208000 2.479363
3 30.934601 10.375700 1.085782
3 33.685200 19.462997 6.226183
3 32.769199 24.848398 8.353993
3 37.666698 26.760199 12.818005
3 37.350399 31.470299 15.720204
3 32.321301 34.706997 14.477606
3 34.213902 -1.323640 -0.373832
3 38.508099 2.148600 2.538780
3 36.714901 7.855090 3.369441
3 39.964600 10.888599 6.705122
3 38.588699 16.526999 8.154222
3 42.931000 18.060099 12.202602
3 42.935600 22.736797 14.657904
3 47.577301 23.454897 19.151604
3 47.264400 28.526796 22.078304
3 42.248600 32.673496 20.524305
3 43.644798 -1.013581 6.300100
3 46.478600 2.256888 10.118600
3 44.919701 8.497788 10.006101
3 46.755299 12.811498 13.367902
3 50.764000 12.315097 17.359802
3 51.756001 18.004097 20.695004
3 55.398800 18.151896 25.002304
3 55.679901 24.046997 28.220505
3 51.404800 29.264996 26.682404
3 50.195099 0.597106 14.915400
3 50.133701 -5.245843 16.952400
3 52.731201 6.128317 18.594501
3 56.146000 5.739786 23.535900
3 58.106300 11.662295 26.838001
3 61.105400 11.729495 31.341202
3 62.279099 18.252394 34.254105
3 59.138802 24.395794 32.577705
3 52.694599 -5.492464 22.382500
3 50.724701 -10.885004 25.370499
3 56.242901 -0.375168 25.548500
3 59.001999 -1.001555 31.121799
3 62.127399 4.721984 34.033298
3 64.657501 4.845604 38.597599
3 66.953201 11.708493 40.632305
3 65.205101 18.330093 38.411602
3 46.956299 -18.870605 34.249897
3 51.025200 -15.155506 34.390396
3 57.281101 -6.650155 33.295700
3 52.584301 -11.072605 30.187199
3 58.527401 -8.646816 38.629200
3 54.634998 -13.972807 39.529896
3 62.206100 -6.427757 43.054501
3 65.189102 -0.597354 42.848000
3 68.584297 0.749816 48.253601
3 69.429298 11.440493 44.573502
3 70.689796 6.034062 48.373199
3 41.311901 -25.225306 39.912296
3 45.887100 -21.890406 39.811996
3 49.205502 -21.534107 44.887596
3 54.196301 -17.161808 44.563595
3 58.243999 -15.537107 49.133095
3 62.549301 -9.905977 48.477600
3 66.184700 -8.291538 53.367901
3 69.359200 -3.220999 53.402302
3 33.769501 -31.625107 43.433598
3 39.311001 -28.499708 44.312996
3 42.117901 -29.016607 49.000298
3 47.592999 -25.235508 49.510395
3 58.198601 -18.296110 53.717995
3 54.585300 -23.224209 56.269596
3 50.201401 -26.141109 54.861694
3 62.262199 -16.680109 58.297096
3 66.002701 -12.142610 58.432995
3 25.046200 -36.966606 45.545391
3 30.754101 -34.986607 47.142895
3 33.549198 -35.894409 52.435692
3 39.528000 -32.947407 53.411495
3 47.263000 -30.626909 59.780495
3 42.159698 -33.554012 58.723396
3 56.640800 -24.376209 62.061897
3 61.112400 -20.504810 62.853897
3 49.500702 -31.449011 65.354591
3 54.425201 -28.194311 66.280891
3 13.951300 -41.068508 45.672894
3 21.925699 -40.020607 50.408192
3 16.522900 -41.487606 50.550091
3 24.634399 -40.901108 56.449993
3 30.565800 -38.882607 56.928993
3 33.450500 -39.328911 62.441292
3 39.159500 -36.970612 63.455093
3 41.446899 -37.744911 69.021790
3 46.673100 -35.208210 69.981789
3 4.927150 -42.489006 43.197891
3 7.972240 -42.443607 47.309292
3 4.945880 -42.790009 54.230991
3 13.279000 -43.287109 57.825993
3 7.373800 -43.171810 59.039692
3 15.595300 -43.760311 63.080391
3 21.613800 -42.881813 62.281994
3 24.329599 -43.313911 66.937492
3 30.419901 -41.799210 66.972794
3 32.341900 -42.610012 72.431694
3 37.657200 -40.992512 73.685890
3 -4.621610 -42.488506 40.379993
3 -1.307780 -42.470409 44.580891
3 -3.964910 -41.289307 50.866093
3 -1.248040 -41.532806 55.542393
3 -4.069110 -39.462513 61.891594
3 -1.429970 -40.008911 66.926094
3 4.174000 -42.523010 66.165894
3 12.830700 -44.285210 70.041695
3 7.092530 -43.180210 71.313896
3 22.261299 -44.794312 72.912491
3 16.505100 -44.931313 74.697990
3 27.239901 -44.673313 76.223495
3 -14.161400 -40.844307 36.337994
3 -10.737500 -40.994606 40.979092
3 -12.892100 -38.685707 46.370491
3 -9.888060 -38.879108 51.332092
3 -12.064700 -35.807606 56.683094
3 -9.313330 -36.077110 61.823792
3 -23.033100 -37.968803 30.930593
3 -19.767500 -38.138008 35.859093
3 -21.312599 -34.961006 40.599895
3 -18.256701 -35.229507 45.854092
3 -19.728201 -31.582508 50.386696
3 -16.884501 -31.872110 55.705196
3 -31.387800 -34.630203 24.792894
3 -27.980400 -34.624805 29.811594
3 -28.920099 -30.858206 34.025196
3 -25.816000 -30.997305 39.354298
3 -26.726999 -27.066107 43.373497
3 -23.900600 -27.345608 48.764297
3 -39.561001 -31.020304 18.202293
3 -35.856800 -30.843103 23.318394
3 -36.125801 -26.665604 27.201897
3 -32.879700 -26.653805 32.489197
3 -33.259899 -22.437206 36.200596
3 -30.403999 -22.708408 41.404697
3 -47.431499 -27.312601 11.354896
3 -43.360199 -27.022102 16.616396
3 -42.776501 -22.497404 20.529396
3 -39.506001 -22.240105 25.697897
3 -39.440899 -17.578306 29.294897
3 -36.640701 -17.792006 34.200695
3 -50.242100 -23.083002 10.284896
3 -48.810299 -18.466202 14.447497
3 -45.472801 -18.148804 19.353096
3 -45.105701 -12.913303 22.850298
3 -42.527100 -12.723405 27.274998
3 -50.735500 -13.941602 14.004398
3 -50.242500 -8.271573 17.215097
3 -48.129700 -7.627293 20.814898
